time,x,y,z,phi,theta,psi,x_velocity,y_velocity,z_velocity,phi_velocity,theta_velocity,psi_velocity,rotor_speed1,rotor_speed2,rotor_speed3,rotor_speed4
0.06,-1.0024823087895813e-07,5.191110517251036e-08,10.008442598826832,6.282773065268142,9.089949097518257e-05,0.0,-9.405351754546466e-06,-1.7327461238713657e-05,0.28139271398375026,-0.02643655467531895,0.00438499242126023,0.0,491.3823423546794,491.70720983549495,491.6279694059803,489.6656931834394
0.12000000000000001,-3.805747993708815e-06,-1.6634914997007544e-05,10.03013327234421,6.281385153600937,6.28315200686049,0.0,-0.00012725779674519112,-0.000703032016911828,0.4415806966554874,-0.01722957934899482,-0.01989237648758955,0.0,456.3296056325872,454.3878816139041,455.6777142503396,456.4129572313763
0.18,-7.113981466001728e-06,-0.00010642677460583866,10.06283991622383,6.280251960954843,6.2829622854211,0.0,8.422427743631585e-05,-0.0024172601264508746,0.6485455783061493,-0.022425172607351183,0.018204472626956007,0.0,468.332235298024,471.28564689428856,470.0897209069841,469.6870780595664
0.23999999999999996,-1.8691240593051124e-06,-0.000306732995090988,10.101719661961301,6.279616840508147,0.0010754535823958022,0.0,-1.4100047487547942e-05,-0.004339848206853601,0.6474462972540111,0.006244292351380984,0.027754183469710626,0.0,404.21339386709707,405.07301534071763,402.049916505246,404.6387697098368
0.3,-3.6195925581332175e-05,-0.0006501024734344591,10.146799753313042,6.280442056448948,0.0030719257058366978,0.0,-0.0013480148225724577,-0.007030891292697914,0.8550908506328087,0.02563776724220377,0.04250106632258276,0.0,469.630854440339,470.7734975068615,469.5983892012696,471.1000241687044
0.36000000000000004,-0.00019753899451978215,-0.001127928954630205,10.203176573476123,6.281823700565495,0.005349147160099932,0.0,-0.004302727601630928,-0.008731851151491258,1.0239994980384606,0.01721626969208818,0.02680957061390129,0.0,459.1367051306982,457.8908765585115,459.8260842211197,459.15857263205703
0.4200000000000001,-0.0006042553348967829,-0.0016826189649347537,10.273271848065173,6.282877931644396,0.006598999589539467,0.0,-0.009443685502377912,-0.009621957027809038,1.3122233892093302,0.01826972686068357,0.004859524722539775,0.0,494.7140596466761,493.0953383742889,494.2186442625652,494.296168610376
0.48000000000000015,-0.0012893157669302505,-0.002261824696147698,10.352154581611943,0.0007464920500703798,0.006544062934021433,0.0,-0.013405263662092232,-0.009590338716158187,1.3171952022089979,0.016115347497206698,-0.016142239735490383,0.0,408.3864200694199,406.5090146637224,407.4498538820723,407.2571798038654
0.5400000000000001,-0.0022348535961024293,-0.0028166513832542286,10.43570046002033,0.001798088164110645,0.0056781667187451035,0.0,-0.018011366728390467,-0.00879345175319844,1.4674869816672125,0.020209273145136125,-0.011212931713213794,0.0,454.0436435636358,454.43900892721103,454.1796243146075,454.50774040911523
0.6000000000000002,-0.0034021872164013145,-0.0033127020041979886,10.521700747444795,0.0029914827919581555,0.004673637394666308,0.0,-0.020838125616994774,-0.007648631525580817,1.3992759588784986,0.019243472572235503,-0.03109311877640317,0.0,384.18722552678486,382.2977587960837,380.9532371005718,380.8609244646767
0.6600000000000003,-0.0047394828220978895,-0.003707796994894279,10.607940635350754,0.0039231359243254715,0.0033698856320691917,0.0,-0.02358652897984695,-0.00541753896652197,1.4752920300972445,0.006807248239606416,-0.007601845891523141,0.0,430.8708425200822,432.85199576267536,431.0301821248742,429.97791521714163
0.7200000000000003,-0.006240858309842256,-0.003928099933772466,10.705026117306373,0.00411364385661539,0.0025282730394922126,0.0,-0.026380376318163746,-0.0018871188757717257,1.7604966044668668,-0.005314082236554672,-0.03172615935250328,0.0,495.5858596224776,493.80973227172075,494.2341400934924,493.3399850330873
0.7800000000000004,-0.007867787195990135,-0.003958306290959692,10.81329827481711,0.004365630125262143,0.00037265083242132846,0.0,-0.02764866133756217,0.0008810666835960325,1.8484375416636911,0.018501705860827743,-0.04603204518163202,0.0,436.697264398715,435.5017438801484,435.11662986123554,437.1057115659083
0.8400000000000004,-0.009523985740422378,-0.0038152360181058363,10.926175510981833,0.005906101393168939,6.280749442079177,0.0,-0.027288182830182982,0.004018670356678111,1.9140286802996342,0.03712752748244562,-0.04840824042953093,0.0,429.0516133495807,428.8484409589154,428.7084636178168,430.2882113453273
0.9000000000000005,-0.0110960341943309,-0.0034327542359983997,11.04569309407621,0.008361646571968251,6.278598422295357,0.0,-0.02484399348584184,0.00898808997127097,2.069619765603241,0.04760544567496622,-0.018295804694644265,0.0,455.9252697976996,458.32393717694157,457.85823339711663,458.69184952923894
0.9600000000000005,-0.012497193113174737,-0.002726226652349368,11.171029083533794,0.011133849221241832,6.276930560754071,0.0,-0.021749972560614464,0.01482379214942332,2.1081731585185555,0.04324147715651127,-0.0648752307165201,0.0,423.326836193487,419.29903204415695,421.32359970487755,420.9475349432662
1.0200000000000005,-0.0136552814214942,-0.001592012483474261,11.30091567567675,0.01397196848129223,6.272834878615068,0.0,-0.01644056360285053,0.02326415876602219,2.221160794398234,0.054385649635780374,-0.07607507332516082,0.0,445.33349695335863,444.4129220436129,445.2838767829022,446.1958802590017
1.0800000000000005,-0.014409015215848928,0.00010719256998349386,11.437336029635587,0.017272711745635938,6.268494483015251,0.0,-0.008229884361496066,0.03370997962705516,2.3259665011014485,0.05623681634514499,-0.0657601076494174,0.0,442.07107707975786,442.9160683451624,443.8656522914531,444.0195743672273
1.1400000000000006,-0.014571876046598006,0.0025143520830515054,11.580714542875057,0.020771349316317078,6.264042870551204,0.0,0.003230571597941735,0.04688834033378003,2.4530393957903085,0.062163819878141874,-0.10197558772438588,0.0,452.2976215697808,449.36671823423785,450.1806732454072,450.66229629210335
1.2000000000000006,-0.01395408845594861,0.005776240478297542,11.731141132818747,0.024372895832780905,6.257744290076712,0.0,0.017997221596702757,0.06221441900522793,2.5609224104347206,0.05536667626855824,-0.11177208664795985,0.0,445.8031285215954,444.9922814667618,445.399897575741,444.8461955303215
1.2600000000000007,-0.012252623245948724,0.010090953634011135,11.890423406330658,0.027466744142217614,6.250837719685563,0.0,0.03948755253682116,0.08196802046233154,2.748024049170885,0.04260493740893306,-0.12278891677854875,0.0,471.33948516809414,470.47620864330656,469.4728392206043,468.4831572358549
1.3200000000000007,-0.009194367650779398,0.015580005901622033,12.058079142123752,0.029948620760300138,6.2436929806111365,0.0,0.0631776658704834,0.10124741709197176,2.8402411634642375,0.03876156787341694,-0.11254093852950024,0.0,441.88861299078496,442.719687540519,441.6342842588359,441.3180837489344
1.3800000000000008,-0.004830151358509666,0.02208223241846559,12.224899100176463,0.032307184392194266,6.2367078022193,0.0,0.08278497710516622,0.11566444733313232,2.7206892927605426,0.04038285097938331,-0.1255870281686995,0.0,370.93311936925045,369.6344045182944,368.9330156170679,369.0941844549344
1.4400000000000008,0.001203758547013626,0.02975120813961977,12.392737827324774,0.03450879932230411,6.228945671626395,0.0,0.11916611806821957,0.14020947637603626,2.8735091934823864,0.028049279497882662,-0.138262362480631,0.0,461.41249138488104,460.39594082099023,460.9288909218918,459.95371634419655
1.5000000000000009,0.009440259834357142,0.03884113905721609,12.56694015874003,0.036031729054851525,6.220254617154852,0.0,0.1561860843607492,0.1629352941592662,2.9330261670473523,0.01942952654842709,-0.16318319261715977,0.0,433.7543873186846,431.6355781207761,432.463568923947,431.73703613403563
1.560000000000001,0.020241116107582603,0.049416144668274285,12.74730053602448,0.03692645091650082,6.210167939394896,0.0,0.20489559801761473,0.18966189256416618,3.078521183402601,0.003856332641350293,-0.1804300566589436,0.0,460.2964566388014,458.90318428534465,460.6369062027885,459.40363965739414
1.620000000000001,0.03406199000553964,0.061546762004391846,12.934658022377139,0.037353559030735894,6.199331085318537,0.0,0.2568671878440172,0.21471261577000203,3.1663923808607874,0.01295330600758043,-0.18098459177671417,0.0,443.0562651733385,442.9790182779979,442.49182814864287,443.2399866218002
1.680000000000001,0.05116546261914584,0.07516591172449184,13.126624610180716,0.03807924176154742,6.188810981265762,0.0,0.3142663124555066,0.2393202131014162,3.232200694151491,0.010319755593587911,-0.16593761352366654,0.0,435.5939228661879,436.8200137046725,437.2067738439755,436.98717414841764
1.740000000000001,0.07190722971534463,0.09027055849353732,13.322423179429586,0.03859409412643178,6.17848085862035,0.0,0.37808041167574924,0.26421069307957573,3.294123902017072,0.00485410469229794,-0.18906620285683104,0.0,437.58876960989403,435.62943512688855,435.70852383680494,435.2512063861943
1.8000000000000012,0.09660614363535953,0.10684845168307991,13.521184807435285,0.03909454968733872,6.167091138886647,0.0,0.44625600771489304,0.2884123604750052,3.3310155865369073,0.014533872654487565,-0.19139633676657186,0.0,429.0412718399329,428.80687912596636,427.83433349302703,428.65762379423614
1.8600000000000012,0.12634121139239682,0.1251303256345717,13.728290965316953,0.03953252160728837,6.155771043487235,0.0,0.5462217496353847,0.3210343273632226,3.571592196795384,-0.013914054151253321,-0.18371225750611278,0.0,491.8064708272806,492.34441680407025,491.8039107165655,489.69222330687427
1.9200000000000013,0.16192966130810507,0.14524313621630086,13.946543612098713,0.03912697875198834,6.145188514950117,0.0,0.6411475882981326,0.3493036514490941,3.7028871409362103,0.004672471350758345,-0.1647250281169848,0.0,460.81883671402255,462.28832476202933,459.6291946503499,461.10002613442583
1.9800000000000013,0.20295108302911943,0.16691014397701234,14.169187629279294,0.0392121855065124,6.135524511199485,0.0,0.7270913978344775,0.37293659817301694,3.718358396676022,-0.006041746182147301,-0.1546115772656805,0.0,425.2033907816765,426.04297299151784,425.59520168320375,424.6770952559487
2.0400000000000014,0.2500046535492114,0.1901758752201662,14.397401074755258,0.03872543370696935,6.126253537118153,0.0,0.8423043744243107,0.4025075127538149,3.887974086314942,-0.012614177922298806,-0.15432647084989096,0.0,474.1960316687596,474.19701891222235,474.66193391779814,474.1573753976902
2.1000000000000014,0.30382751448155587,0.2151160904754258,14.633550387694305,0.03783412787839602,6.116609667813183,0.0,0.9526747481064405,0.42872606955871545,3.9831221912430985,-0.019762578755883362,-0.17831382904694631,0.0,454.7517819244457,452.80152960227986,452.89999434967973,452.3247465789584
2.1600000000000015,0.36427671996869565,0.24156426906985248,14.874213331702622,0.03693360870688345,6.106119621256465,0.0,1.0632560701114608,0.4527619410265569,4.038533526485015,-0.006883452979442936,-0.16866065786670958,0.0,441.2076564660703,441.97427738209603,441.4881449654113,442.54968736299156
2.2200000000000015,0.43228659160129596,0.26958804106198664,15.122179495441967,0.037776225805562724,6.095932729609395,0.0,1.2047559852210472,0.4813689394819959,4.226008003047413,0.038633307590303555,-0.17211971095348194,0.0,483.6387520883018,483.35304219637993,481.45005254014876,484.8818773797838
2.2800000000000016,0.5084980733920416,0.299251155692,15.378612660940185,0.040506278539750085,6.086046362620502,0.0,1.3365460348283267,0.5076326207376491,4.321086446371613,0.056555653372036545,-0.15310838872579294,0.0,456.76325551098023,458.25166597451096,456.61888011893666,458.04763812572594
2.3400000000000016,0.5923439643501814,0.330452385630112,15.638381285097386,0.0442304283713133,6.077052372157404,0.0,1.459080592878224,0.5327134639856503,4.337509720648624,0.07128400247382383,-0.14415779909291707,0.0,433.0839660423103,433.81443013852635,433.25962954149986,434.4991284238966
2.4000000000000017,0.683455926120025,0.3631748313658064,15.897941210968645,0.04817405737634228,6.068576653535015,0.0,1.5786764482625841,0.5583722328370527,4.314287444944127,0.05128788984610418,-0.13602752861549985,0.0,421.1799759653176,421.86284264284916,421.74113112199643,420.01360837803514
2.4600000000000017,0.7828810314341598,0.39771988462725616,16.160620092162084,0.051201923601731814,6.060473237808505,0.0,1.7361895987496656,0.5934095853994266,4.440820946603795,0.04876508727648131,-0.13318515446415247,0.0,469.88996437743066,470.09453036561797,469.80452650395387,469.6103180834891
2.520000000000002,0.8921036406563775,0.4344703779984283,16.431631952972978,0.05462326246845528,6.052856919291932,0.0,1.9052092957789204,0.6319050068409695,4.59190768749904,0.06983252564611267,-0.11671703311329304,0.0,478.4323856597274,479.67112621824856,478.2421944310193,479.8462336503213
2.580000000000002,1.0116237173205225,0.47360778330123265,16.71165214838504,0.05878939724919441,6.045503772795806,0.0,2.079346498317283,0.6730735074581505,4.741068245830185,0.06863005566567239,-0.1379747744474216,0.0,480.7303948925252,479.10400159448585,481.12766571746346,481.0398634862019
2.640000000000002,1.140735295301127,0.5150560498773142,16.996409303488825,0.06256845445759485,6.037089060594573,0.0,2.2250197297734595,0.7088608929087163,4.750403736091558,0.04823146478528537,-0.1452176195161256,0.0,439.3871048233359,438.7675427116226,439.36075910884404,437.66885119475774
2.700000000000002,1.2791365174769518,0.5588131554288801,17.283281122925075,0.06534542070251881,6.0279847142251874,0.0,2.3890439660062563,0.7499339653785565,4.811272384381049,0.04207035534700448,-0.16979492242559813,0.0,457.7333108961704,455.7513381950557,456.36245835358585,455.8715428378235
2.760000000000002,1.4271403112876577,0.6049805796523847,17.57219040383254,0.0679633394600847,6.018757549313289,0.0,2.5451500781868712,0.789170515005346,4.8185367909075225,0.04658452320024054,-0.13305132387090804,0.0,440.05939817586807,443.06724979191165,439.61883479862666,439.9938649717116
2.820000000000002,1.5853710853009102,0.6537249831233037,17.864097665198255,0.07091302195402971,6.011136861894098,0.0,2.7297546448611802,0.8358669461602335,4.910797214523192,0.053870989736972956,-0.117070933112281,0.0,468.45259995763803,469.6798165184294,468.51416368249227,469.0817774281579
2.880000000000002,1.753295211752953,0.7049408908092777,18.156073840436633,0.07434195252638709,6.004323920974972,0.0,2.8682136189995715,0.8715745891065524,4.821760603940335,0.06300651644744232,-0.10730585013503761,0.0,410.823499415528,411.6759343543094,409.8834850362285,410.6972490472307
2.940000000000002,1.9303126305358118,0.7585310083380296,18.445099207076932,0.07779194515020738,5.997545103900423,0.0,3.0327956847732453,0.9150417461979387,4.812020736740269,0.04323410495460313,-0.12782519126931868,0.0,439.07176654232194,437.3539292256802,438.7437177853022,437.1009906467202
3.000000000000002,2.117422745066768,0.8148110848213126,18.733876880576297,0.0806578624514982,5.989915488816553,0.0,3.2047133712678537,0.9611552223722729,4.813398719563531,0.05555907901228288,-0.12586379212026813,0.0,442.58823576105937,442.7348456517549,442.2357505013022,443.25133897785446
3.0600000000000023,2.315458564487051,0.8740382591766628,19.02431005141857,0.0843214481587431,5.982331529976449,0.0,3.3969414809144225,1.0133472418399523,4.866897045703034,0.07025663560386364,-0.12749131233060065,0.0,460.3460812386562,460.20330077182354,460.71151045452046,461.87478419813135
3.1200000000000023,2.52372287560594,0.9360744566216394,19.3133212443229,0.0886018175753156,5.974469364556391,0.0,3.5457234195973295,1.0548267848951,4.766787234017486,0.07342062237795981,-0.1392740809333488,0.0,410.1741920777248,409.1087204092878,411.54197391909486,411.8263401718887
3.1800000000000024,2.742441344881175,1.0010560430343225,19.60072638810438,0.09277309176454018,5.966059496567748,0.0,3.745392807924555,1.1115477295065104,4.812520290538523,0.06029030395460251,-0.14200529844802656,0.0,460.2698503538497,460.03607687808363,460.96310184490653,459.9275943664513
3.2400000000000024,2.971765042069054,1.0690828554164955,19.886247229455762,0.09639797304170283,5.957746456658217,0.0,3.899278400592945,1.1562594068902319,4.704803204729931,0.06066219178658798,-0.1324151706446855,0.0,409.50300638401666,410.3357502188245,409.9697547650486,410.00572588166864
3.3000000000000025,3.211187164252246,1.140059033800488,20.16752286630169,0.1000170446451829,5.949770193043316,0.0,4.081918848444056,1.20985879605944,4.670600151471241,0.05962046286624059,-0.13400268388210393,0.0,436.3025070338788,436.15328943986816,435.65507089683376,435.570598160048
3.3600000000000025,3.4626076967412924,1.214574562188683,20.44936508721463,0.10408042173182697,5.942218947398807,0.0,4.299131893046792,1.2742526261310632,4.723181204669052,0.08034265628572129,-0.11318334574739977,0.0,465.1343179657548,466.7483051369137,464.61595660648146,466.2411814977715
3.4200000000000026,3.726560058375859,1.2928477843561461,20.732591871082484,0.1088234745497294,5.935350657399699,0.0,4.4995793495259875,1.3351931955702174,4.717080332467264,0.07633512342270467,-0.11717833925465361,0.0,449.0394070480035,448.7035863417367,448.36389636933086,448.04306252826973
3.4800000000000026,4.002061975204257,1.374682210009361,21.013855647344183,0.11336399008911346,5.928561141305053,0.0,4.68415077277015,1.3929303953136893,4.658028239758845,0.07432255899013752,-0.1061410766155366,0.0,431.6548182249246,432.57357909621504,431.80875474205334,431.64359598145126
3.5400000000000027,4.2898708107765,1.4604022073018206,21.294634445095415,0.1184864079396526,5.922038505311669,0.0,4.909645526565798,1.4647378667687756,4.700317333913787,0.10136844996486485,-0.11441535483986172,0.0,467.2962720903551,466.640865645529,465.37331846290954,467.4912870251621
3.6000000000000028,4.590879615120348,1.5503927776695443,21.57679836235204,0.12479617001356846,5.914816443916504,0.0,5.124213196441607,1.535388554431726,4.704341151140082,0.1118328191766555,-0.1362199882842097,0.0,457.2610553842402,455.5073265770219,455.80786535294857,456.6528455222513
3.660000000000003,4.9043810551487255,1.644573027213202,21.857921606160428,0.13167529942867784,5.9064337897913965,0.0,5.326192267735659,1.6044177455656763,4.665783385222876,0.1197619961804906,-0.14780158249999242,0.0,444.7860683971257,443.81806429786417,443.08423775807364,443.7474977509962
3.720000000000003,5.230867322367463,1.7432547232632258,22.13857013780142,0.13846925471213023,5.897899508491236,0.0,5.5569873119626205,1.6854554266893835,4.6880682467633665,0.09513406223613993,-0.13295852295019556,0.0,466.32744475108893,467.4677686753959,465.6381999377888,463.71763631497083
3.780000000000003,5.568761664475589,1.8460347233768886,22.414273795129997,0.14371060237773392,5.889702413496433,0.0,5.706618759355589,1.7408949911326144,4.502300424722462,0.06344511641884552,-0.14517140910312562,0.0,393.9757634429915,392.8245154720866,396.4569130562231,393.54062005850534
3.840000000000003,5.917882615247666,1.9529462129962458,22.683988524473754,0.1476498621841218,5.880777759031503,0.0,5.931045789058106,1.8230005676061842,4.487312584503587,0.0697404444653202,-0.1570574295698458,0.0,455.6741127683312,454.70237806963803,455.5720862304523,456.07834677998244
3.900000000000003,6.28070936913309,2.0648827158798504,22.953032310074956,0.1519097336973072,5.871188316007826,0.0,6.163495597676691,1.908404681387,4.479799340283801,0.07339978621171123,-0.16601851214183877,0.0,461.9013777359924,461.17065824647915,458.48624672702067,458.7806452578391
3.960000000000003,6.6573605317086635,2.1819167877955903,23.220995349406987,0.15598471642925826,5.861421477701434,0.0,6.3918770917201995,1.9929145231957432,4.451359230341383,0.05373291754816527,-0.15699204745662673,0.0,454.6427633581431,455.3409625492992,456.47485842981723,454.90558630862387
4.020000000000002,7.046330661583689,2.303550689453801,23.483894799604606,0.1590456210910709,5.851882086284164,0.0,6.574212655096127,2.0616946733405954,4.311771269289592,0.04493675899607293,-0.16331280630127842,0.0,418.2953852004803,417.7186256584818,417.9525930384912,417.18685927888396
4.080000000000001,7.447841473718556,2.429858702459324,23.741615487359716,0.16208939814371615,5.841884371949144,0.0,6.80975642586793,2.14861849200821,4.277964165149402,0.060335672540793,-0.17424608006998935,0.0,457.1689643152112,456.27089512433264,455.2038045428761,456.43624703919636
4.14,7.864170250128794,2.561609875385139,23.99841588961805,0.16571180324231172,5.831267212983013,0.0,7.068102555360845,2.243151202371965,4.2807331647119184,0.060448770367204314,-0.18299500086608675,0.0,471.1601056069223,470.45468482292245,471.1555023751633,471.1666028190752
4.199999999999998,8.293995246721309,2.698348295613625,24.250966693750783,0.1693091387964385,5.820770935739475,0.0,7.259820772869682,2.314936920014847,4.137297978243967,0.05895098618635331,-0.1623842454257214,0.0,421.3283857269626,423.07548878962126,422.19845074918436,422.07190689313626
4.259999999999997,8.736263834970693,2.8397137203831804,24.496547522950436,0.17286256530814725,5.8117377479406915,0.0,7.482667848461658,2.397346654304643,4.048065217706936,0.0597636148236451,-0.13374852816935776,0.0,440.96657781667585,443.304285528794,443.67927593759276,443.7484710665829
4.319999999999996,9.191318813293217,2.985837971022098,24.73546289340042,0.17656740670984306,5.803882309390637,0.0,7.6859913825816655,2.473606940925452,3.9154842547366884,0.06544419511684821,-0.125806245666586,0.0,428.53603014179544,429.19437826334035,427.85859956462247,428.3449890020152
4.379999999999995,9.65967770983231,3.136932647310407,24.96839539112242,0.1800405389401556,5.7962687664105665,0.0,7.925929930709291,2.5629850313009226,3.848166685616274,0.035106462586121594,-0.12915583951014387,0.0,452.75704153994064,452.47301770335196,454.7660888764695,452.3308777784732
4.439999999999993,10.140830212707899,3.2928617455739646,25.19418448214028,0.18260863306039354,5.788433813391155,0.0,8.112674801567849,2.634728580051822,3.678106411608815,0.05491743108187477,-0.13359716478991032,0.0,416.70184359217154,416.2963731769207,415.979298210967,417.71218048337073
4.499999999999992,10.637801219576396,3.454655591956745,25.41807170274913,0.18542943429390757,5.780425115197433,0.0,8.452525597545495,2.7582719695743383,3.7826979583922604,0.022399870036199032,-0.13324189028489777,0.0,513.2882133769208,513.2996472217227,513.9420256023226,511.63240961924276
4.559999999999991,11.153568072291112,3.6233220015047873,25.645158113814084,0.1868393743538821,5.772613453633911,0.0,8.73939135485551,2.8637297503938397,3.785489649444422,0.0256110954286954,-0.12471171177523988,0.0,484.2678576783789,484.89522081655434,483.6766601896303,483.9185183692673
4.6199999999999894,11.684657021674912,3.7976715715214833,25.868956375801737,0.18852420341671916,5.765663459440109,0.0,8.96348642838981,2.947866959498465,3.673981694576707,0.032610299993078164,-0.1022826900277609,0.0,445.6024844946231,447.42058550846997,447.1048384445394,447.67510712486313
4.679999999999988,12.228321612321022,3.9767831753966223,26.08452141123276,0.19010709819070648,5.75926574198353,0.0,9.158649864095947,3.0225447038405884,3.511490629441609,0.009460017402164674,-0.1171551777174797,0.0,429.540397122169,428.2662522975794,429.6784774490382,427.71082342581707
4.739999999999987,12.784551614969246,4.160652431606581,26.291780048537063,0.19084489831982498,5.752489846819852,0.0,9.382204535848473,3.1063000677951513,3.396707358583607,0.01743932100877232,-0.10560347413068272,0.0,447.0465311511533,447.97581030903865,446.1446146719856,446.795735563463
4.799999999999986,13.351736816315825,4.348741198112761,26.48802503784551,0.19173663633486715,5.7462989596486445,0.0,9.524207561631663,3.1634037586746206,3.145451216266579,0.009133630961567404,-0.0987344303841993,0.0,393.4957270521027,394.12057966246465,394.53150003356956,393.7635072843859
4.859999999999984,13.931053646237066,4.541409433497565,26.675195568865465,0.1920092687170749,5.740284687687982,0.0,9.785887035042819,3.258639394322031,3.0927372943306204,-0.006734649186545167,-0.10342564036387827,0.0,468.64311331281294,468.27010010515284,470.53327665609237,469.30276718879645
4.919999999999983,14.525987252557957,4.739742972198111,26.8590558618678,0.1916882316534343,5.735046595070251,0.0,10.04472889585272,3.3521901524607194,3.0351845442204723,-0.002716938387749143,-0.06645883560787925,0.0,468.3092265823754,471.1702300577534,468.8881570079577,469.2003754138588
4.979999999999982,15.13323092220628,4.942667497271637,27.034337348978465,0.19166898131671584,5.731383726265147,0.0,10.196738169691445,3.411974636618518,2.808219365347438,0.004086044220586119,-0.05197773409323045,0.0,405.6390621113277,406.934806702706,405.25472571424314,405.86601711832765
5.0399999999999805,15.75037534349952,5.149425877180959,27.197389396929886,0.19204043105225566,5.727721428104703,0.0,10.374529401522622,3.479948040768379,2.6272287383071187,0.010099227849130607,-0.09354286401636187,0.0,423.43738603595745,419.8414583742675,423.5494754611812,424.06641400707394
